"fips","NEVER","RARELY","SOMETIMES","FREQUENTLY","ALWAYS","state","abbr","county"
"01001",0.053,0.074,0.134,0.295,0.444,"Alabama","AL","Autauga"
"01003",0.083,0.059,0.098,0.323,0.436,"Alabama","AL","Baldwin"
"01005",0.067,0.121,0.12,0.201,0.491,"Alabama","AL","Barbour"
"01007",0.02,0.034,0.096,0.278,0.572,"Alabama","AL","Bibb"
"01009",0.053,0.114,0.18,0.194,0.459,"Alabama","AL","Blount"
"01011",0.031,0.04,0.144,0.286,0.5,"Alabama","AL","Bullock"
"01013",0.102,0.053,0.257,0.137,0.451,"Alabama","AL","Butler"
"01015",0.152,0.108,0.13,0.167,0.442,"Alabama","AL","Calhoun"
"01017",0.117,0.037,0.15,0.136,0.56,"Alabama","AL","Chambers"
"01019",0.135,0.027,0.161,0.158,0.52,"Alabama","AL","Cherokee"
"01021",0.06,0.07,0.058,0.194,0.618,"Alabama","AL","Chilton"
"01023",0.049,0.038,0.126,0.219,0.568,"Alabama","AL","Choctaw"
"01025",0.049,0.088,0.164,0.268,0.43,"Alabama","AL","Clarke"
"01027",0.148,0.158,0.195,0.169,0.329,"Alabama","AL","Clay"
"01029",0.151,0.125,0.138,0.217,0.368,"Alabama","AL","Cleburne"
"01031",0.101,0.152,0.094,0.186,0.466,"Alabama","AL","Coffee"
"01033",0.082,0.096,0.152,0.159,0.51,"Alabama","AL","Colbert"
"01035",0.099,0.052,0.259,0.192,0.399,"Alabama","AL","Conecuh"
"01037",0.055,0.131,0.167,0.263,0.384,"Alabama","AL","Coosa"
"01039",0.187,0.128,0.129,0.201,0.356,"Alabama","AL","Covington"
"01041",0.06,0.091,0.199,0.233,0.416,"Alabama","AL","Crenshaw"
"01043",0.13,0.024,0.249,0.217,0.379,"Alabama","AL","Cullman"
"01045",0.089,0.113,0.118,0.22,0.46,"Alabama","AL","Dale"
"01047",0.095,0.1,0.159,0.122,0.524,"Alabama","AL","Dallas"
"01049",0.084,0.051,0.106,0.179,0.58,"Alabama","AL","DeKalb"
"01051",0.042,0.095,0.127,0.252,0.485,"Alabama","AL","Elmore"
"01053",0.114,0.026,0.188,0.285,0.387,"Alabama","AL","Escambia"
"01055",0.096,0.103,0.178,0.122,0.501,"Alabama","AL","Etowah"
"01057",0.138,0.048,0.151,0.233,0.429,"Alabama","AL","Fayette"
"01059",0.065,0.071,0.223,0.156,0.484,"Alabama","AL","Franklin"
"01061",0.176,0.131,0.089,0.158,0.445,"Alabama","AL","Geneva"
"01063",0.03,0.053,0.127,0.167,0.623,"Alabama","AL","Greene"
"01065",0.026,0.061,0.084,0.191,0.639,"Alabama","AL","Hale"
"01067",0.066,0.068,0.17,0.258,0.438,"Alabama","AL","Henry"
"01069",0.085,0.079,0.135,0.268,0.433,"Alabama","AL","Houston"
"01071",0.092,0.089,0.11,0.249,0.46,"Alabama","AL","Jackson"
"01073",0.049,0.037,0.107,0.179,0.628,"Alabama","AL","Jefferson"
"01075",0.107,0.045,0.132,0.189,0.527,"Alabama","AL","Lamar"
"01077",0.093,0.119,0.141,0.179,0.469,"Alabama","AL","Lauderdale"
"01079",0.162,0.08,0.088,0.251,0.419,"Alabama","AL","Lawrence"
"01081",0.053,0.064,0.138,0.183,0.562,"Alabama","AL","Lee"
"01083",0.102,0.034,0.133,0.336,0.395,"Alabama","AL","Limestone"
"01085",0.12,0.073,0.145,0.199,0.464,"Alabama","AL","Lowndes"
"01087",0.008,0.033,0.241,0.172,0.545,"Alabama","AL","Macon"
"01089",0.062,0.05,0.123,0.177,0.589,"Alabama","AL","Madison"
"01091",0.033,0.151,0.118,0.186,0.512,"Alabama","AL","Marengo"
"01093",0.129,0.064,0.246,0.207,0.353,"Alabama","AL","Marion"
"01095",0.075,0.064,0.129,0.253,0.479,"Alabama","AL","Marshall"
"01097",0.077,0.07,0.102,0.244,0.506,"Alabama","AL","Mobile"
"01099",0.112,0.041,0.182,0.288,0.378,"Alabama","AL","Monroe"
"01101",0.056,0.095,0.123,0.212,0.513,"Alabama","AL","Montgomery"
"01103",0.078,0.077,0.082,0.304,0.459,"Alabama","AL","Morgan"
"01105",0.025,0.084,0.087,0.187,0.618,"Alabama","AL","Perry"
"01107",0.031,0.06,0.169,0.157,0.584,"Alabama","AL","Pickens"
"01109",0.06,0.131,0.145,0.333,0.33,"Alabama","AL","Pike"
"01111",0.158,0.226,0.105,0.144,0.368,"Alabama","AL","Randolph"
"01113",0.069,0.067,0.08,0.213,0.57,"Alabama","AL","Russell"
"01115",0.027,0.134,0.144,0.2,0.495,"Alabama","AL","St. Clair"
"01117",0.022,0.075,0.118,0.24,0.545,"Alabama","AL","Shelby"
"01119",0.055,0.068,0.118,0.197,0.562,"Alabama","AL","Sumter"
"01121",0.113,0.15,0.208,0.169,0.361,"Alabama","AL","Talladega"
"01123",0.067,0.095,0.136,0.296,0.406,"Alabama","AL","Tallapoosa"
"01125",0.041,0.036,0.144,0.247,0.532,"Alabama","AL","Tuscaloosa"
"01127",0.09,0.081,0.145,0.256,0.429,"Alabama","AL","Walker"
"01129",0.018,0.077,0.102,0.307,0.495,"Alabama","AL","Washington"
"01131",0.061,0.098,0.199,0.187,0.455,"Alabama","AL","Wilcox"
"01133",0.13,0.046,0.328,0.183,0.312,"Alabama","AL","Winston"
"02013",0.067,0.032,0.034,0.316,0.551,"Alaska","AK","Aleutians East Borough"
"02016",0.078,0.031,0.03,0.337,0.524,"Alaska","AK","Aleutians West Census Area"
"02020",0.042,0.05,0.049,0.196,0.663,"Alaska","AK","Anchorage Municipality"
"02050",0.101,0.022,0.014,0.45,0.413,"Alaska","AK","Bethel Census Area"
"02060",0.048,0.037,0.042,0.308,0.564,"Alaska","AK","Bristol Bay Borough"
"02068",0.062,0.081,0.067,0.225,0.565,"Alaska","AK","Denali Borough"
"02070",0.072,0.025,0.027,0.391,0.484,"Alaska","AK","Dillingham Census Area"
"02090",0.094,0.084,0.175,0.234,0.413,"Alaska","AK","Fairbanks North Star Borough"
"02100",0.055,0.05,0.123,0.419,0.352,"Alaska","AK","Haines Borough"
"02105",0.051,0.064,0.13,0.399,0.356,"Alaska","AK","Hoonah-Angoon Census Area"
"02110",0.051,0.067,0.133,0.396,0.353,"Alaska","AK","Juneau City and Borough"
"02122",0.043,0.047,0.051,0.197,0.662,"Alaska","AK","Kenai Peninsula Borough"
"02130",0.025,0.149,0.174,0.256,0.396,"Alaska","AK","Ketchikan Gateway Borough"
"02150",0.042,0.043,0.049,0.233,0.633,"Alaska","AK","Kodiak Island Borough"
"02158",0.103,0.022,0.007,0.521,0.347,"Alaska","AK","Kusilvak Census Area"
"02164",0.055,0.036,0.04,0.299,0.571,"Alaska","AK","Lake and Peninsula Borough"
"02170",0.042,0.051,0.048,0.198,0.66,"Alaska","AK","Matanuska-Susitna Borough"
"02180",0.086,0.061,0.009,0.544,0.3,"Alaska","AK","Nome Census Area"
"02185",0.036,0.059,0.235,0.215,0.455,"Alaska","AK","North Slope Borough"
"02188",0.035,0.188,0.051,0.474,0.252,"Alaska","AK","Northwest Arctic Borough"
"02195",0.042,0.095,0.148,0.349,0.365,"Alaska","AK","Petersburg Census Area"
"02198",0.033,0.125,0.161,0.3,0.38,"Alaska","AK","Prince of Wales-Hyder Census Area"
"02220",0.048,0.077,0.137,0.381,0.357,"Alaska","AK","Sitka City and Borough"
"02230",0.058,0.038,0.116,0.435,0.354,"Alaska","AK","Skagway Municipality"
"02240",0.064,0.071,0.14,0.272,0.453,"Alaska","AK","Southeast Fairbanks Census Area"
"02261",0.04,0.049,0.052,0.197,0.663,"Alaska","AK","Valdez-Cordova Census Area"
"02275",0.035,0.119,0.16,0.312,0.374,"Alaska","AK","Wrangell City and Borough"
"02282",0.047,0.012,0.078,0.381,0.481,"Alaska","AK","Yakutat City and Borough"
"02290",0.044,0.047,0.126,0.425,0.358,"Alaska","AK","Yukon-Koyukuk Census Area"
"04001",0.055,0.063,0.031,0.15,0.701,"Arizona","AZ","Apache"
"04003",0.053,0.025,0.147,0.194,0.581,"Arizona","AZ","Cochise"
"04005",0.039,0.08,0.07,0.11,0.702,"Arizona","AZ","Coconino"
"04007",0.073,0.014,0.03,0.336,0.547,"Arizona","AZ","Gila"
"04009",0.095,0.067,0.237,0.049,0.553,"Arizona","AZ","Graham"
"04011",0.111,0.089,0.167,0.089,0.544,"Arizona","AZ","Greenlee"
"04012",0.031,0.064,0.162,0.173,0.57,"Arizona","AZ","La Paz"
"04013",0.023,0.025,0.059,0.158,0.734,"Arizona","AZ","Maricopa"
"04015",0.051,0.096,0.104,0.164,0.585,"Arizona","AZ","Mohave"
"04017",0.091,0.108,0.059,0.139,0.602,"Arizona","AZ","Navajo"
"04019",0.023,0.024,0.073,0.121,0.759,"Arizona","AZ","Pima"
"04021",0.033,0.055,0.096,0.148,0.667,"Arizona","AZ","Pinal"
"04023",0.028,0.002,0.058,0.074,0.837,"Arizona","AZ","Santa Cruz"
"04025",0.031,0.073,0.081,0.176,0.639,"Arizona","AZ","Yavapai"
"04027",0.008,0.013,0.046,0.129,0.804,"Arizona","AZ","Yuma"
"05001",0.019,0.073,0.134,0.216,0.557,"Arkansas","AR","Arkansas"
"05003",0.023,0.103,0.163,0.117,0.595,"Arkansas","AR","Ashley"
"05005",0.15,0.104,0.108,0.104,0.534,"Arkansas","AR","Baxter"
"05007",0.081,0.034,0.083,0.16,0.643,"Arkansas","AR","Benton"
"05009",0.129,0.145,0.122,0.189,0.416,"Arkansas","AR","Boone"
"05011",0.094,0.102,0.175,0.184,0.445,"Arkansas","AR","Bradley"
"05013",0.145,0.132,0.108,0.211,0.404,"Arkansas","AR","Calhoun"
"05015",0.111,0.068,0.115,0.129,0.577,"Arkansas","AR","Carroll"
"05017",0.104,0.074,0.193,0.097,0.531,"Arkansas","AR","Chicot"
"05019",0.08,0.091,0.08,0.231,0.518,"Arkansas","AR","Clark"
"05021",0.082,0.124,0.157,0.242,0.395,"Arkansas","AR","Clay"
"05023",0.036,0.065,0.093,0.259,0.546,"Arkansas","AR","Cleburne"
"05025",0.107,0.03,0.16,0.231,0.472,"Arkansas","AR","Cleveland"
"05027",0.241,0.072,0.054,0.25,0.383,"Arkansas","AR","Columbia"
"05029",0.071,0.12,0.137,0.347,0.325,"Arkansas","AR","Conway"
"05031",0.078,0.123,0.138,0.341,0.32,"Arkansas","AR","Craighead"
"05033",0.155,0.1,0.167,0.211,0.367,"Arkansas","AR","Crawford"
"05035",0.059,0.017,0.11,0.306,0.508,"Arkansas","AR","Crittenden"
"05037",0.097,0.017,0.163,0.319,0.404,"Arkansas","AR","Cross"
"05039",0.197,0.055,0.093,0.196,0.459,"Arkansas","AR","Dallas"
"05041",0.078,0.033,0.19,0.189,0.509,"Arkansas","AR","Desha"
"05043",0.063,0.049,0.207,0.159,0.523,"Arkansas","AR","Drew"
"05045",0.066,0.027,0.077,0.403,0.426,"Arkansas","AR","Faulkner"
"05047",0.149,0.079,0.245,0.187,0.34,"Arkansas","AR","Franklin"
"05049",0.105,0.121,0.226,0.197,0.351,"Arkansas","AR","Fulton"
"05051",0.025,0.102,0.068,0.21,0.596,"Arkansas","AR","Garland"
"05053",0.082,0.043,0.127,0.258,0.489,"Arkansas","AR","Grant"
"05055",0.062,0.141,0.154,0.346,0.297,"Arkansas","AR","Greene"
"05057",0.098,0.073,0.096,0.179,0.554,"Arkansas","AR","Hempstead"
"05059",0.059,0.086,0.079,0.216,0.56,"Arkansas","AR","Hot Spring"
"05061",0.081,0.07,0.145,0.145,0.56,"Arkansas","AR","Howard"
"05063",0.137,0.156,0.088,0.179,0.44,"Arkansas","AR","Independence"
"05065",0.086,0.121,0.133,0.23,0.43,"Arkansas","AR","Izard"
"05067",0.116,0.103,0.135,0.179,0.468,"Arkansas","AR","Jackson"
"05069",0.042,0.036,0.172,0.173,0.577,"Arkansas","AR","Jefferson"
"05071",0.144,0.103,0.205,0.221,0.328,"Arkansas","AR","Johnson"
"05073",0.12,0.082,0.078,0.234,0.486,"Arkansas","AR","Lafayette"
"05075",0.085,0.128,0.153,0.298,0.337,"Arkansas","AR","Lawrence"
"05077",0.103,0.032,0.195,0.263,0.407,"Arkansas","AR","Lee"
"05079",0.035,0.016,0.194,0.201,0.554,"Arkansas","AR","Lincoln"
"05081",0.074,0.121,0.106,0.201,0.499,"Arkansas","AR","Little River"
"05083",0.148,0.11,0.12,0.143,0.479,"Arkansas","AR","Logan"
"05085",0.048,0.045,0.136,0.297,0.474,"Arkansas","AR","Lonoke"
"05087",0.075,0.088,0.159,0.114,0.564,"Arkansas","AR","Madison"
"05089",0.171,0.112,0.119,0.108,0.49,"Arkansas","AR","Marion"
"05091",0.064,0.124,0.106,0.219,0.487,"Arkansas","AR","Miller"
"05093",0.033,0.109,0.134,0.284,0.44,"Arkansas","AR","Mississippi"
"05095",0.068,0.128,0.127,0.271,0.406,"Arkansas","AR","Monroe"
"05097",0.081,0.095,0.136,0.166,0.521,"Arkansas","AR","Montgomery"
"05099",0.143,0.048,0.084,0.224,0.501,"Arkansas","AR","Nevada"
"05101",0.107,0.14,0.084,0.261,0.408,"Arkansas","AR","Newton"
"05103",0.151,0.097,0.06,0.242,0.449,"Arkansas","AR","Ouachita"
"05105",0.098,0.051,0.08,0.367,0.404,"Arkansas","AR","Perry"
"05107",0.052,0.061,0.134,0.276,0.477,"Arkansas","AR","Phillips"
"05109",0.064,0.061,0.2,0.176,0.501,"Arkansas","AR","Pike"
"05111",0.077,0.098,0.141,0.287,0.397,"Arkansas","AR","Poinsett"
"05113",0.18,0.08,0.217,0.076,0.446,"Arkansas","AR","Polk"
"05115",0.082,0.151,0.181,0.285,0.302,"Arkansas","AR","Pope"
"05117",0.062,0.17,0.103,0.273,0.391,"Arkansas","AR","Prairie"
"05119",0.028,0.027,0.126,0.175,0.644,"Arkansas","AR","Pulaski"
"05121",0.051,0.145,0.203,0.289,0.311,"Arkansas","AR","Randolph"
"05123",0.087,0.007,0.289,0.267,0.35,"Arkansas","AR","St. Francis"
"05125",0.066,0.044,0.154,0.212,0.524,"Arkansas","AR","Saline"
"05127",0.155,0.14,0.124,0.123,0.458,"Arkansas","AR","Scott"
"05129",0.1,0.088,0.125,0.149,0.538,"Arkansas","AR","Searcy"
"05131",0.121,0.142,0.157,0.208,0.372,"Arkansas","AR","Sebastian"
"05133",0.12,0.093,0.155,0.165,0.467,"Arkansas","AR","Sevier"
"05135",0.067,0.158,0.22,0.222,0.333,"Arkansas","AR","Sharp"
"05137",0.067,0.092,0.11,0.234,0.498,"Arkansas","AR","Stone"
"05139",0.116,0.179,0.098,0.262,0.344,"Arkansas","AR","Union"
"05141",0.033,0.06,0.096,0.272,0.539,"Arkansas","AR","Van Buren"
"05143",0.034,0.028,0.101,0.186,0.651,"Arkansas","AR","Washington"
"05145",0.026,0.054,0.152,0.277,0.491,"Arkansas","AR","White"
"05147",0.059,0.048,0.208,0.231,0.454,"Arkansas","AR","Woodruff"
"05149",0.116,0.1,0.112,0.198,0.474,"Arkansas","AR","Yell"
"06001",0.019,0.008,0.055,0.123,0.795,"California","CA","Alameda"
"06003",0.025,0.085,0.088,0.19,0.612,"California","CA","Alpine"
"06005",0.045,0.013,0.099,0.188,0.655,"California","CA","Amador"
"06007",0.015,0.043,0.111,0.204,0.626,"California","CA","Butte"
"06009",0.045,0.019,0.098,0.276,0.562,"California","CA","Calaveras"
"06011",0.027,0.031,0.092,0.151,0.7,"California","CA","Colusa"
"06013",0.018,0.016,0.039,0.121,0.806,"California","CA","Contra Costa"
"06015",0.01,0.135,0.112,0.196,0.547,"California","CA","Del Norte"
"06017",0.028,0.042,0.072,0.183,0.675,"California","CA","El Dorado"
"06019",0.021,0.022,0.059,0.156,0.741,"California","CA","Fresno"
"06021",0.028,0.026,0.146,0.206,0.594,"California","CA","Glenn"
"06023",0.042,0.006,0.018,0.069,0.865,"California","CA","Humboldt"
"06025",0.001,0.005,0.03,0.128,0.836,"California","CA","Imperial"
"06027",0.033,0.011,0.008,0.058,0.889,"California","CA","Inyo"
"06029",0.022,0.028,0.105,0.177,0.668,"California","CA","Kern"
"06031",0.075,0.016,0.049,0.094,0.766,"California","CA","Kings"
"06033",0.003,0.004,0.007,0.136,0.849,"California","CA","Lake"
"06035",0.064,0.068,0.162,0.225,0.482,"California","CA","Lassen"
"06037",0.021,0.013,0.049,0.131,0.786,"California","CA","Los Angeles"
"06039",0.019,0.059,0.048,0.124,0.751,"California","CA","Madera"
"06041",0.011,0,0.046,0.141,0.802,"California","CA","Marin"
"06043",0.01,0.094,0.049,0.186,0.661,"California","CA","Mariposa"
"06045",0.002,0.003,0.004,0.222,0.77,"California","CA","Mendocino"
"06047",0.026,0.036,0.089,0.146,0.703,"California","CA","Merced"
"06049",0.068,0.019,0.095,0.204,0.615,"California","CA","Modoc"
"06051",0.011,0.026,0.012,0.07,0.88,"California","CA","Mono"
"06053",0.023,0.006,0.066,0.141,0.763,"California","CA","Monterey"
"06055",0.017,0.026,0.033,0.149,0.773,"California","CA","Napa"
"06057",0.003,0.054,0.084,0.177,0.682,"California","CA","Nevada"
"06059",0.023,0.021,0.046,0.156,0.754,"California","CA","Orange"
"06061",0.012,0.023,0.072,0.201,0.693,"California","CA","Placer"
"06063",0.063,0.067,0.053,0.146,0.671,"California","CA","Plumas"
"06065",0.026,0.014,0.041,0.116,0.803,"California","CA","Riverside"
"06067",0.025,0.028,0.062,0.164,0.722,"California","CA","Sacramento"
"06069",0.018,0.004,0.063,0.175,0.739,"California","CA","San Benito"
"06071",0.027,0.022,0.048,0.134,0.768,"California","CA","San Bernardino"
"06073",0.017,0.023,0.034,0.126,0.8,"California","CA","San Diego"
"06075",0.017,0.011,0.035,0.121,0.817,"California","CA","San Francisco"
"06077",0.054,0.019,0.081,0.165,0.68,"California","CA","San Joaquin"
"06079",0.025,0.024,0.037,0.169,0.745,"California","CA","San Luis Obispo"
"06081",0.016,0.013,0.058,0.126,0.786,"California","CA","San Mateo"
"06083",0.015,0.02,0.075,0.153,0.737,"California","CA","Santa Barbara"
"06085",0.015,0.014,0.04,0.168,0.764,"California","CA","Santa Clara"
"06087",0.008,0,0.086,0.109,0.797,"California","CA","Santa Cruz"
"06089",0.095,0.056,0.071,0.232,0.547,"California","CA","Shasta"
"06091",0.14,0.053,0.047,0.143,0.617,"California","CA","Sierra"
"06093",0.132,0.074,0.082,0.167,0.546,"California","CA","Siskiyou"
"06095",0.043,0.046,0.035,0.148,0.728,"California","CA","Solano"
"06097",0.022,0.012,0.022,0.149,0.795,"California","CA","Sonoma"
"06099",0.032,0.028,0.062,0.173,0.705,"California","CA","Stanislaus"
"06101",0.058,0.031,0.08,0.163,0.669,"California","CA","Sutter"
"06103",0.057,0.062,0.141,0.195,0.545,"California","CA","Tehama"
"06105",0.081,0.07,0.055,0.201,0.592,"California","CA","Trinity"
"06107",0.025,0.039,0.115,0.136,0.685,"California","CA","Tulare"
"06109",0.008,0.043,0.084,0.212,0.653,"California","CA","Tuolumne"
"06111",0.024,0.011,0.033,0.156,0.777,"California","CA","Ventura"
"06113",0.007,0.005,0.04,0.156,0.791,"California","CA","Yolo"
"06115",0.057,0.035,0.071,0.167,0.669,"California","CA","Yuba"
"08001",0.032,0.027,0.071,0.185,0.685,"Colorado","CO","Adams"
"08003",0.052,0.133,0.094,0.228,0.493,"Colorado","CO","Alamosa"
"08005",0.013,0.026,0.065,0.193,0.703,"Colorado","CO","Arapahoe"
"08007",0.041,0.041,0.155,0.276,0.488,"Colorado","CO","Archuleta"
"08009",0.113,0.053,0.194,0.206,0.435,"Colorado","CO","Baca"
"08011",0.033,0.036,0.172,0.191,0.567,"Colorado","CO","Bent"
"08013",0.008,0.015,0.032,0.195,0.75,"Colorado","CO","Boulder"
"08014",0.018,0.005,0.042,0.201,0.734,"Colorado","CO","Broomfield"
"08015",0.038,0.045,0.134,0.138,0.645,"Colorado","CO","Chaffee"
"08017",0.016,0.187,0.106,0.398,0.292,"Colorado","CO","Cheyenne"
"08019",0.002,0.015,0.138,0.123,0.723,"Colorado","CO","Clear Creek"
"08021",0.06,0.106,0.093,0.195,0.545,"Colorado","CO","Conejos"
"08023",0.034,0.072,0.076,0.175,0.644,"Colorado","CO","Costilla"
"08025",0.002,0.034,0.08,0.294,0.59,"Colorado","CO","Crowley"
"08027",0.017,0.098,0.153,0.234,0.498,"Colorado","CO","Custer"
"08029",0.087,0.094,0.074,0.295,0.45,"Colorado","CO","Delta"
"08031",0.02,0.018,0.062,0.194,0.707,"Colorado","CO","Denver"
"08033",0.052,0.039,0.066,0.252,0.591,"Colorado","CO","Dolores"
"08035",0.013,0.041,0.081,0.192,0.673,"Colorado","CO","Douglas"
"08037",0.008,0.003,0.033,0.269,0.687,"Colorado","CO","Eagle"
"08039",0.016,0.044,0.19,0.246,0.505,"Colorado","CO","Elbert"
"08041",0.031,0.089,0.081,0.196,0.603,"Colorado","CO","El Paso"
"08043",0.006,0.069,0.062,0.2,0.663,"Colorado","CO","Fremont"
"08045",0.065,0.04,0.037,0.326,0.532,"Colorado","CO","Garfield"
"08047",0.001,0.027,0.017,0.17,0.785,"Colorado","CO","Gilpin"
"08049",0.006,0.002,0.05,0.187,0.754,"Colorado","CO","Grand"
"08051",0.057,0.039,0.043,0.281,0.581,"Colorado","CO","Gunnison"
"08053",0.043,0.05,0.117,0.271,0.519,"Colorado","CO","Hinsdale"
"08055",0.028,0.051,0.051,0.275,0.595,"Colorado","CO","Huerfano"
"08057",0.021,0.027,0.09,0.342,0.52,"Colorado","CO","Jackson"
"08059",0.028,0.031,0.075,0.194,0.673,"Colorado","CO","Jefferson"
"08061",0.028,0.051,0.159,0.27,0.492,"Colorado","CO","Kiowa"
"08063",0.024,0.323,0.119,0.344,0.19,"Colorado","CO","Kit Carson"
"08065",0.002,0.016,0.036,0.193,0.753,"Colorado","CO","Lake"
"08067",0.043,0.02,0.122,0.274,0.541,"Colorado","CO","La Plata"
"08069",0.013,0.037,0.06,0.231,0.659,"Colorado","CO","Larimer"
"08071",0.052,0.03,0.101,0.17,0.648,"Colorado","CO","Las Animas"
"08073",0.013,0.068,0.196,0.403,0.321,"Colorado","CO","Lincoln"
"08075",0.078,0.202,0.101,0.368,0.251,"Colorado","CO","Logan"
"08077",0.075,0.105,0.098,0.222,0.499,"Colorado","CO","Mesa"
"08079",0.049,0.072,0.138,0.264,0.478,"Colorado","CO","Mineral"
"08081",0.041,0.142,0.162,0.284,0.371,"Colorado","CO","Moffat"
"08083",0.057,0.019,0.081,0.257,0.586,"Colorado","CO","Montezuma"
"08085",0.085,0.092,0.074,0.314,0.436,"Colorado","CO","Montrose"
"08087",0.083,0.161,0.116,0.245,0.396,"Colorado","CO","Morgan"
"08089",0.004,0.047,0.102,0.194,0.653,"Colorado","CO","Otero"
"08091",0.06,0.08,0.069,0.295,0.495,"Colorado","CO","Ouray"
"08093",0.021,0.018,0.103,0.137,0.722,"Colorado","CO","Park"
"08095",0.05,0.19,0.137,0.255,0.368,"Colorado","CO","Phillips"
"08097",0.019,0.014,0.016,0.318,0.633,"Colorado","CO","Pitkin"
"08099",0.079,0.046,0.205,0.201,0.469,"Colorado","CO","Prowers"
"08101",0.018,0.044,0.074,0.28,0.584,"Colorado","CO","Pueblo"
"08103",0.111,0.092,0.074,0.265,0.458,"Colorado","CO","Rio Blanco"
"08105",0.061,0.144,0.11,0.242,0.444,"Colorado","CO","Rio Grande"
"08107",0.008,0.036,0.092,0.375,0.489,"Colorado","CO","Routt"
"08109",0.065,0.122,0.138,0.232,0.443,"Colorado","CO","Saguache"
"08111",0.032,0.038,0.097,0.27,0.563,"Colorado","CO","San Juan"
"08113",0.043,0.058,0.074,0.26,0.565,"Colorado","CO","San Miguel"
"08115",0.065,0.162,0.138,0.267,0.368,"Colorado","CO","Sedgwick"
"08117",0,0.001,0.064,0.151,0.784,"Colorado","CO","Summit"
"08119",0.105,0.087,0.066,0.145,0.597,"Colorado","CO","Teller"
"08121",0.077,0.208,0.101,0.303,0.31,"Colorado","CO","Washington"
"08123",0.046,0.038,0.135,0.231,0.55,"Colorado","CO","Weld"
"08125",0.038,0.284,0.133,0.255,0.29,"Colorado","CO","Yuma"
"09001",0.027,0.019,0.06,0.114,0.78,"Connecticut","CT","Fairfield"
"09003",0.015,0.023,0.065,0.13,0.767,"Connecticut","CT","Hartford"
"09005",0.017,0.051,0.021,0.098,0.812,"Connecticut","CT","Litchfield"
"09007",0.003,0.007,0.055,0.128,0.807,"Connecticut","CT","Middlesex"
"09009",0.023,0.014,0.053,0.115,0.795,"Connecticut","CT","New Haven"
"09011",0.025,0.021,0.066,0.142,0.747,"Connecticut","CT","New London"
"09013",0.008,0.008,0.027,0.147,0.81,"Connecticut","CT","Tolland"
"09015",0.022,0.041,0.082,0.137,0.718,"Connecticut","CT","Windham"
"10001",0.026,0.006,0.106,0.051,0.811,"Delaware","DE","Kent"
"10003",0.027,0.013,0.041,0.133,0.786,"Delaware","DE","New Castle"
"10005",0.005,0.001,0.035,0.103,0.856,"Delaware","DE","Sussex"
"11001",0.012,0.013,0.069,0.164,0.743,"District of Columbia","DC","District of Columbia"
"12001",0.001,0.024,0.053,0.17,0.751,"Florida","FL","Alachua"
"12003",0.087,0.076,0.18,0.215,0.442,"Florida","FL","Baker"
"12005",0.065,0.109,0.076,0.202,0.548,"Florida","FL","Bay"
"12007",0.106,0.168,0.172,0.173,0.381,"Florida","FL","Bradford"
"12009",0.068,0.073,0.096,0.157,0.607,"Florida","FL","Brevard"
"12011",0.026,0.023,0.043,0.117,0.791,"Florida","FL","Broward"
"12013",0.034,0.055,0.138,0.267,0.507,"Florida","FL","Calhoun"
"12015",0.051,0.049,0.101,0.158,0.64,"Florida","FL","Charlotte"
"12017",0.09,0.036,0.087,0.178,0.609,"Florida","FL","Citrus"
"12019",0.055,0.067,0.15,0.209,0.52,"Florida","FL","Clay"
"12021",0.04,0.023,0.067,0.212,0.658,"Florida","FL","Collier"
"12023",0.047,0.026,0.288,0.254,0.385,"Florida","FL","Columbia"
"12027",0.023,0.064,0.056,0.142,0.715,"Florida","FL","DeSoto"
"12029",0.071,0.095,0.119,0.318,0.397,"Florida","FL","Dixie"
"12031",0.049,0.042,0.086,0.194,0.629,"Florida","FL","Duval"
"12033",0.019,0.052,0.095,0.31,0.524,"Florida","FL","Escambia"
"12035",0.079,0.05,0.113,0.157,0.602,"Florida","FL","Flagler"
"12037",0.022,0.101,0.237,0.228,0.412,"Florida","FL","Franklin"
"12039",0.06,0.033,0.104,0.227,0.575,"Florida","FL","Gadsden"
"12041",0.016,0.151,0.069,0.324,0.44,"Florida","FL","Gilchrist"
"12043",0.047,0.082,0.098,0.096,0.677,"Florida","FL","Glades"
"12045",0.046,0.125,0.12,0.249,0.46,"Florida","FL","Gulf"
"12047",0.101,0.071,0.235,0.227,0.365,"Florida","FL","Hamilton"
"12049",0.114,0.041,0.179,0.186,0.48,"Florida","FL","Hardee"
"12051",0.046,0.042,0.112,0.15,0.65,"Florida","FL","Hendry"
"12053",0.09,0.04,0.091,0.19,0.589,"Florida","FL","Hernando"
"12055",0.025,0.056,0.145,0.138,0.635,"Florida","FL","Highlands"
"12057",0.023,0.031,0.069,0.155,0.722,"Florida","FL","Hillsborough"
"12059",0.17,0.077,0.081,0.111,0.562,"Florida","FL","Holmes"
"12061",0.054,0.065,0.082,0.193,0.607,"Florida","FL","Indian River"
"12063",0.064,0.108,0.129,0.174,0.526,"Florida","FL","Jackson"
"12065",0.019,0.017,0.099,0.183,0.682,"Florida","FL","Jefferson"
"12067",0.102,0.081,0.22,0.208,0.389,"Florida","FL","Lafayette"
"12069",0.047,0.062,0.074,0.185,0.632,"Florida","FL","Lake"
"12071",0.052,0.05,0.073,0.176,0.648,"Florida","FL","Lee"
"12073",0.051,0.022,0.071,0.156,0.7,"Florida","FL","Leon"
"12075",0.017,0.132,0.072,0.187,0.592,"Florida","FL","Levy"
"12077",0.022,0.023,0.205,0.268,0.482,"Florida","FL","Liberty"
"12079",0.164,0.085,0.148,0.264,0.34,"Florida","FL","Madison"
"12081",0.074,0.037,0.062,0.201,0.626,"Florida","FL","Manatee"
"12083",0.046,0.087,0.121,0.203,0.543,"Florida","FL","Marion"
"12085",0.027,0.018,0.066,0.169,0.719,"Florida","FL","Martin"
"12086",0.032,0.023,0.06,0.128,0.756,"Florida","FL","Miami-Dade"
"12087",0.007,0.001,0.014,0.159,0.819,"Florida","FL","Monroe"
"12089",0.09,0.07,0.147,0.223,0.47,"Florida","FL","Nassau"
"12091",0.091,0.083,0.147,0.21,0.469,"Florida","FL","Okaloosa"
"12093",0.016,0.034,0.064,0.171,0.715,"Florida","FL","Okeechobee"
"12095",0.02,0.02,0.072,0.164,0.724,"Florida","FL","Orange"
"12097",0.025,0.022,0.058,0.176,0.72,"Florida","FL","Osceola"
"12099",0.03,0.02,0.05,0.116,0.784,"Florida","FL","Palm Beach"
"12101",0.027,0.029,0.055,0.179,0.709,"Florida","FL","Pasco"
"12103",0.025,0.019,0.074,0.133,0.75,"Florida","FL","Pinellas"
"12105",0.05,0.063,0.085,0.172,0.63,"Florida","FL","Polk"
"12107",0.068,0.05,0.114,0.186,0.581,"Florida","FL","Putnam"
"12109",0.047,0.071,0.097,0.223,0.561,"Florida","FL","St. Johns"
"12111",0.077,0.022,0.08,0.173,0.648,"Florida","FL","St. Lucie"
"12113",0.047,0.068,0.166,0.265,0.453,"Florida","FL","Santa Rosa"
"12115",0.017,0.031,0.073,0.175,0.704,"Florida","FL","Sarasota"
"12117",0.037,0.039,0.066,0.141,0.717,"Florida","FL","Seminole"
"12119",0.037,0.036,0.064,0.235,0.628,"Florida","FL","Sumter"
"12121",0.105,0.055,0.244,0.227,0.369,"Florida","FL","Suwannee"
"12123",0.103,0.086,0.19,0.145,0.476,"Florida","FL","Taylor"
"12125",0.044,0.04,0.176,0.267,0.473,"Florida","FL","Union"
"12127",0.035,0.066,0.089,0.192,0.618,"Florida","FL","Volusia"
"12129",0.032,0.092,0.172,0.275,0.429,"Florida","FL","Wakulla"
"12131",0.092,0.06,0.092,0.244,0.512,"Florida","FL","Walton"
"12133",0.138,0.085,0.062,0.158,0.557,"Florida","FL","Washington"
"13001",0.085,0.117,0.23,0.152,0.416,"Georgia","GA","Appling"
"13003",0.059,0.1,0.179,0.217,0.445,"Georgia","GA","Atkinson"
"13005",0.071,0.132,0.187,0.188,0.421,"Georgia","GA","Bacon"
"13007",0.027,0.048,0.054,0.127,0.743,"Georgia","GA","Baker"
"13009",0.02,0.089,0.107,0.29,0.494,"Georgia","GA","Baldwin"
"13011",0.136,0.103,0.125,0.238,0.399,"Georgia","GA","Banks"
"13013",0.063,0.086,0.092,0.19,0.568,"Georgia","GA","Barrow"
"13015",0.215,0.05,0.123,0.143,0.47,"Georgia","GA","Bartow"
"13017",0.129,0.078,0.109,0.202,0.483,"Georgia","GA","Ben Hill"
"13019",0.073,0.098,0.156,0.214,0.46,"Georgia","GA","Berrien"
"13021",0.043,0.094,0.176,0.201,0.487,"Georgia","GA","Bibb"
"13023",0.089,0.031,0.117,0.256,0.508,"Georgia","GA","Bleckley"
"13025",0.047,0.129,0.15,0.164,0.51,"Georgia","GA","Brantley"
"13027",0.092,0.165,0.124,0.235,0.385,"Georgia","GA","Brooks"
"13029",0.033,0.039,0.095,0.238,0.595,"Georgia","GA","Bryan"
"13031",0.053,0.049,0.163,0.31,0.424,"Georgia","GA","Bulloch"
"13033",0.105,0.109,0.087,0.208,0.492,"Georgia","GA","Burke"
"13035",0.125,0.037,0.144,0.163,0.53,"Georgia","GA","Butts"
"13037",0.013,0.035,0.043,0.172,0.737,"Georgia","GA","Calhoun"
"13039",0.136,0.125,0.17,0.113,0.456,"Georgia","GA","Camden"
"13043",0.037,0.045,0.177,0.264,0.477,"Georgia","GA","Candler"
"13045",0.089,0.133,0.154,0.168,0.457,"Georgia","GA","Carroll"
"13047",0.143,0.152,0.114,0.217,0.375,"Georgia","GA","Catoosa"
"13049",0.065,0.094,0.15,0.196,0.495,"Georgia","GA","Charlton"
"13051",0.035,0.04,0.144,0.158,0.624,"Georgia","GA","Chatham"
"13053",0.061,0.072,0.108,0.214,0.545,"Georgia","GA","Chattahoochee"
"13055",0.116,0.102,0.187,0.143,0.451,"Georgia","GA","Chattooga"
"13057",0.049,0.054,0.1,0.213,0.584,"Georgia","GA","Cherokee"
"13059",0.054,0.057,0.06,0.226,0.603,"Georgia","GA","Clarke"
"13061",0.028,0.066,0.12,0.223,0.562,"Georgia","GA","Clay"
"13063",0.038,0.054,0.125,0.159,0.624,"Georgia","GA","Clayton"
"13065",0.06,0.058,0.134,0.168,0.58,"Georgia","GA","Clinch"
"13067",0.039,0.049,0.116,0.225,0.572,"Georgia","GA","Cobb"
"13069",0.085,0.124,0.164,0.222,0.404,"Georgia","GA","Coffee"
"13071",0.108,0.191,0.074,0.233,0.394,"Georgia","GA","Colquitt"
"13073",0.061,0.064,0.095,0.234,0.547,"Georgia","GA","Columbia"
"13075",0.098,0.134,0.123,0.203,0.441,"Georgia","GA","Cook"
"13077",0.105,0.053,0.183,0.204,0.455,"Georgia","GA","Coweta"
"13079",0.057,0.051,0.231,0.192,0.468,"Georgia","GA","Crawford"
"13081",0.119,0.023,0.06,0.163,0.635,"Georgia","GA","Crisp"
"13083",0.128,0.222,0.13,0.249,0.27,"Georgia","GA","Dade"
"13085",0.049,0.09,0.128,0.162,0.571,"Georgia","GA","Dawson"
"13087",0.093,0.04,0.171,0.18,0.516,"Georgia","GA","Decatur"
"13089",0.036,0.028,0.075,0.156,0.704,"Georgia","GA","DeKalb"
"13091",0.145,0.025,0.15,0.236,0.443,"Georgia","GA","Dodge"
"13093",0.077,0.034,0.058,0.204,0.627,"Georgia","GA","Dooly"
"13095",0.033,0.037,0.045,0.159,0.726,"Georgia","GA","Dougherty"
"13097",0.083,0.037,0.09,0.198,0.591,"Georgia","GA","Douglas"
"13099",0.045,0.062,0.156,0.253,0.485,"Georgia","GA","Early"
"13101",0.097,0.073,0.182,0.202,0.446,"Georgia","GA","Echols"
"13103",0.044,0.064,0.145,0.272,0.475,"Georgia","GA","Effingham"
"13105",0.132,0.177,0.081,0.107,0.503,"Georgia","GA","Elbert"
"13107",0.062,0.044,0.142,0.252,0.5,"Georgia","GA","Emanuel"
"13109",0.03,0.078,0.229,0.29,0.372,"Georgia","GA","Evans"
"13111",0.075,0.088,0.125,0.112,0.6,"Georgia","GA","Fannin"
"13113",0.06,0.086,0.131,0.218,0.505,"Georgia","GA","Fayette"
"13115",0.186,0.036,0.234,0.148,0.395,"Georgia","GA","Floyd"
"13117",0.035,0.048,0.083,0.193,0.641,"Georgia","GA","Forsyth"
"13119",0.168,0.074,0.117,0.215,0.425,"Georgia","GA","Franklin"
"13121",0.026,0.036,0.089,0.187,0.662,"Georgia","GA","Fulton"
"13123",0.128,0.042,0.087,0.198,0.545,"Georgia","GA","Gilmer"
"13125",0.156,0.066,0.107,0.13,0.541,"Georgia","GA","Glascock"
"13127",0.048,0.071,0.145,0.251,0.485,"Georgia","GA","Glynn"
"13129",0.172,0.1,0.201,0.157,0.369,"Georgia","GA","Gordon"
"13131",0.063,0.139,0.116,0.264,0.417,"Georgia","GA","Grady"
"13133",0.062,0.046,0.057,0.176,0.658,"Georgia","GA","Greene"
"13135",0.036,0.054,0.081,0.19,0.639,"Georgia","GA","Gwinnett"
"13137",0.063,0.1,0.116,0.292,0.43,"Georgia","GA","Habersham"
"13139",0.061,0.069,0.128,0.198,0.545,"Georgia","GA","Hall"
"13141",0.043,0.111,0.102,0.168,0.575,"Georgia","GA","Hancock"
"13143",0.184,0.123,0.165,0.184,0.345,"Georgia","GA","Haralson"
"13145",0.093,0.081,0.061,0.213,0.551,"Georgia","GA","Harris"
"13147",0.092,0.061,0.14,0.207,0.5,"Georgia","GA","Hart"
"13149",0.126,0.094,0.166,0.144,0.471,"Georgia","GA","Heard"
"13151",0.103,0.048,0.091,0.181,0.578,"Georgia","GA","Henry"
"13153",0.032,0.079,0.136,0.172,0.581,"Georgia","GA","Houston"
"13155",0.098,0.091,0.126,0.224,0.46,"Georgia","GA","Irwin"
"13157",0.125,0.085,0.117,0.24,0.434,"Georgia","GA","Jackson"
"13159",0.082,0.059,0.181,0.118,0.56,"Georgia","GA","Jasper"
"13161",0.124,0.138,0.165,0.183,0.39,"Georgia","GA","Jeff Davis"
"13163",0.251,0.055,0.099,0.102,0.493,"Georgia","GA","Jefferson"
"13165",0.114,0.053,0.084,0.261,0.488,"Georgia","GA","Jenkins"
"13167",0.119,0.053,0.109,0.251,0.468,"Georgia","GA","Johnson"
"13169",0.049,0.087,0.226,0.209,0.43,"Georgia","GA","Jones"
"13171",0.07,0.06,0.171,0.293,0.406,"Georgia","GA","Lamar"
"13173",0.102,0.07,0.145,0.181,0.502,"Georgia","GA","Lanier"
"13175",0.122,0.056,0.141,0.291,0.391,"Georgia","GA","Laurens"
"13177",0.035,0.033,0.039,0.162,0.732,"Georgia","GA","Lee"
"13179",0.007,0.099,0.066,0.215,0.614,"Georgia","GA","Liberty"
"13181",0.073,0.104,0.111,0.233,0.479,"Georgia","GA","Lincoln"
"13183",0.014,0.119,0.086,0.159,0.621,"Georgia","GA","Long"
"13185",0.108,0.101,0.149,0.208,0.435,"Georgia","GA","Lowndes"
"13187",0.035,0.086,0.13,0.245,0.504,"Georgia","GA","Lumpkin"
"13189",0.072,0.053,0.123,0.265,0.488,"Georgia","GA","McDuffie"
"13191",0.034,0.076,0.188,0.221,0.481,"Georgia","GA","McIntosh"
"13193",0.078,0.049,0.113,0.21,0.55,"Georgia","GA","Macon"
"13195",0.165,0.084,0.055,0.186,0.511,"Georgia","GA","Madison"
"13197",0.084,0.12,0.167,0.196,0.433,"Georgia","GA","Marion"
"13199",0.109,0.086,0.138,0.15,0.517,"Georgia","GA","Meriwether"
"13201",0.064,0.056,0.182,0.159,0.539,"Georgia","GA","Miller"
"13205",0.044,0.112,0.055,0.159,0.63,"Georgia","GA","Mitchell"
"13207",0.072,0.035,0.184,0.253,0.455,"Georgia","GA","Monroe"
"13209",0.114,0.083,0.174,0.228,0.401,"Georgia","GA","Montgomery"
"13211",0.061,0.064,0.093,0.168,0.614,"Georgia","GA","Morgan"
"13213",0.193,0.03,0.182,0.177,0.417,"Georgia","GA","Murray"
"13215",0.063,0.073,0.083,0.225,0.555,"Georgia","GA","Muscogee"
"13217",0.094,0.076,0.123,0.207,0.5,"Georgia","GA","Newton"
"13219",0.049,0.063,0.095,0.181,0.611,"Georgia","GA","Oconee"
"13221",0.056,0.082,0.054,0.181,0.627,"Georgia","GA","Oglethorpe"
"13223",0.097,0.068,0.108,0.233,0.494,"Georgia","GA","Paulding"
"13225",0.027,0.074,0.172,0.16,0.567,"Georgia","GA","Peach"
"13227",0.038,0.118,0.101,0.188,0.555,"Georgia","GA","Pickens"
"13229",0.05,0.143,0.127,0.157,0.522,"Georgia","GA","Pierce"
"13231",0.059,0.06,0.147,0.192,0.542,"Georgia","GA","Pike"
"13233",0.106,0.071,0.192,0.145,0.485,"Georgia","GA","Polk"
"13235",0.079,0.031,0.098,0.218,0.575,"Georgia","GA","Pulaski"
"13237",0.059,0.093,0.118,0.214,0.516,"Georgia","GA","Putnam"
"13239",0.053,0.15,0.095,0.163,0.538,"Georgia","GA","Quitman"
"13241",0.1,0.083,0.124,0.229,0.464,"Georgia","GA","Rabun"
"13243",0.016,0.065,0.05,0.2,0.669,"Georgia","GA","Randolph"
"13245",0.068,0.059,0.114,0.18,0.578,"Georgia","GA","Richmond"
"13247",0.058,0.078,0.115,0.216,0.534,"Georgia","GA","Rockdale"
"13249",0.07,0.102,0.117,0.214,0.497,"Georgia","GA","Schley"
"13251",0.198,0.069,0.081,0.242,0.41,"Georgia","GA","Screven"
"13253",0.073,0.079,0.202,0.135,0.51,"Georgia","GA","Seminole"
"13255",0.072,0.038,0.179,0.202,0.509,"Georgia","GA","Spalding"
"13257",0.087,0.116,0.116,0.31,0.37,"Georgia","GA","Stephens"
"13259",0.055,0.092,0.133,0.203,0.517,"Georgia","GA","Stewart"
"13261",0.055,0.056,0.046,0.202,0.641,"Georgia","GA","Sumter"
"13263",0.168,0.08,0.089,0.171,0.492,"Georgia","GA","Talbot"
"13265",0.065,0.048,0.086,0.158,0.644,"Georgia","GA","Taliaferro"
"13267",0.051,0.076,0.214,0.224,0.434,"Georgia","GA","Tattnall"
"13269",0.126,0.069,0.182,0.201,0.422,"Georgia","GA","Taylor"
"13271",0.156,0.075,0.134,0.208,0.427,"Georgia","GA","Telfair"
"13273",0.019,0.029,0.03,0.167,0.755,"Georgia","GA","Terrell"
"13275",0.026,0.096,0.12,0.228,0.53,"Georgia","GA","Thomas"
"13277",0.066,0.088,0.122,0.227,0.496,"Georgia","GA","Tift"
"13279",0.097,0.069,0.179,0.226,0.429,"Georgia","GA","Toombs"
"13281",0.076,0.096,0.098,0.199,0.531,"Georgia","GA","Towns"
"13283",0.096,0.07,0.168,0.267,0.399,"Georgia","GA","Treutlen"
"13285",0.175,0.031,0.119,0.178,0.497,"Georgia","GA","Troup"
"13287",0.141,0.042,0.094,0.175,0.547,"Georgia","GA","Turner"
"13289",0.04,0.077,0.188,0.148,0.547,"Georgia","GA","Twiggs"
"13291",0.065,0.119,0.087,0.168,0.56,"Georgia","GA","Union"
"13293",0.16,0.1,0.114,0.206,0.421,"Georgia","GA","Upson"
"13295",0.144,0.164,0.117,0.21,0.366,"Georgia","GA","Walker"
"13297",0.106,0.127,0.184,0.141,0.442,"Georgia","GA","Walton"
"13299",0.061,0.108,0.109,0.166,0.556,"Georgia","GA","Ware"
"13301",0.095,0.065,0.14,0.226,0.474,"Georgia","GA","Warren"
"13303",0.104,0.07,0.053,0.157,0.617,"Georgia","GA","Washington"
"13305",0.029,0.139,0.143,0.139,0.55,"Georgia","GA","Wayne"
"13307",0.019,0.064,0.103,0.21,0.603,"Georgia","GA","Webster"
"13309",0.135,0.078,0.162,0.23,0.395,"Georgia","GA","Wheeler"
"13311",0.057,0.064,0.099,0.347,0.433,"Georgia","GA","White"
"13313",0.185,0.068,0.203,0.142,0.403,"Georgia","GA","Whitfield"
"13315",0.173,0.017,0.083,0.157,0.569,"Georgia","GA","Wilcox"
"13317",0.08,0.086,0.114,0.172,0.548,"Georgia","GA","Wilkes"
"13319",0.039,0.062,0.141,0.224,0.534,"Georgia","GA","Wilkinson"
"13321",0.069,0.056,0.083,0.187,0.605,"Georgia","GA","Worth"
"15001",0.01,0.032,0.037,0.122,0.799,"Hawaii","HI","Hawaii"
"15003",0.011,0.012,0.027,0.151,0.798,"Hawaii","HI","Honolulu"
"15005",0.026,0.013,0.032,0.08,0.85,"Hawaii","HI","Kalawao"
"15007",0,0.021,0.046,0.108,0.825,"Hawaii","HI","Kauai"
"15009",0.034,0.016,0.025,0.122,0.803,"Hawaii","HI","Maui"
"16001",0.118,0.078,0.084,0.194,0.526,"Idaho","ID","Ada"
"16003",0.094,0.216,0.218,0.218,0.254,"Idaho","ID","Adams"
"16005",0.084,0.193,0.176,0.195,0.352,"Idaho","ID","Bannock"
"16007",0.151,0.12,0.102,0.243,0.385,"Idaho","ID","Bear Lake"
"16009",0.038,0.059,0.15,0.152,0.601,"Idaho","ID","Benewah"
"16011",0.095,0.197,0.175,0.229,0.304,"Idaho","ID","Bingham"
"16013",0.155,0.107,0.102,0.13,0.506,"Idaho","ID","Blaine"
"16015",0.057,0.038,0.038,0.549,0.318,"Idaho","ID","Boise"
"16017",0.088,0.116,0.119,0.241,0.436,"Idaho","ID","Bonner"
"16019",0.096,0.202,0.188,0.247,0.268,"Idaho","ID","Bonneville"
"16021",0.045,0.171,0.061,0.185,0.537,"Idaho","ID","Boundary"
"16023",0.107,0.213,0.159,0.222,0.298,"Idaho","ID","Butte"
"16025",0.186,0.03,0.047,0.098,0.639,"Idaho","ID","Camas"
"16027",0.113,0.095,0.17,0.24,0.381,"Idaho","ID","Canyon"
"16029",0.1,0.181,0.191,0.202,0.326,"Idaho","ID","Caribou"
"16031",0.134,0.223,0.102,0.149,0.392,"Idaho","ID","Cassia"
"16033",0.119,0.228,0.196,0.239,0.218,"Idaho","ID","Clark"
"16035",0.037,0.112,0.127,0.25,0.475,"Idaho","ID","Clearwater"
"16037",0.069,0.029,0.199,0.244,0.458,"Idaho","ID","Custer"
"16039",0.206,0.044,0.038,0.173,0.539,"Idaho","ID","Elmore"
"16041",0.131,0.118,0.085,0.256,0.41,"Idaho","ID","Franklin"
"16043",0.111,0.206,0.202,0.247,0.233,"Idaho","ID","Fremont"
"16045",0.119,0.136,0.111,0.198,0.436,"Idaho","ID","Gem"
"16047",0.211,0.202,0.089,0.153,0.345,"Idaho","ID","Gooding"
"16049",0.045,0.094,0.164,0.275,0.423,"Idaho","ID","Idaho"
"16051",0.099,0.208,0.192,0.249,0.252,"Idaho","ID","Jefferson"
"16053",0.175,0.219,0.096,0.167,0.343,"Idaho","ID","Jerome"
"16055",0.146,0.105,0.17,0.22,0.359,"Idaho","ID","Kootenai"
"16057",0.002,0.012,0.066,0.328,0.592,"Idaho","ID","Latah"
"16059",0.109,0.173,0.231,0.125,0.362,"Idaho","ID","Lemhi"
"16061",0.027,0.073,0.157,0.285,0.459,"Idaho","ID","Lewis"
"16063",0.18,0.2,0.105,0.135,0.379,"Idaho","ID","Lincoln"
"16065",0.101,0.207,0.196,0.25,0.245,"Idaho","ID","Madison"
"16067",0.134,0.219,0.106,0.152,0.39,"Idaho","ID","Minidoka"
"16069",0.009,0.03,0.117,0.326,0.517,"Idaho","ID","Nez Perce"
"16071",0.083,0.173,0.153,0.185,0.406,"Idaho","ID","Oneida"
"16073",0.123,0.137,0.146,0.171,0.423,"Idaho","ID","Owyhee"
"16075",0.081,0.199,0.174,0.242,0.304,"Idaho","ID","Payette"
"16077",0.078,0.205,0.152,0.185,0.381,"Idaho","ID","Power"
"16079",0.068,0.144,0.299,0.147,0.342,"Idaho","ID","Shoshone"
"16081",0.099,0.189,0.19,0.25,0.272,"Idaho","ID","Teton"
"16083",0.166,0.222,0.101,0.177,0.335,"Idaho","ID","Twin Falls"
"16085",0.041,0.118,0.102,0.378,0.361,"Idaho","ID","Valley"
"16087",0.136,0.13,0.324,0.172,0.239,"Idaho","ID","Washington"
"17001",0.18,0.092,0.189,0.19,0.35,"Illinois","IL","Adams"
"17003",0.11,0.082,0.148,0.262,0.398,"Illinois","IL","Alexander"
"17005",0.07,0.055,0.108,0.218,0.549,"Illinois","IL","Bond"
"17007",0.025,0.006,0.065,0.244,0.66,"Illinois","IL","Boone"
"17009",0.18,0.099,0.136,0.2,0.385,"Illinois","IL","Brown"
"17011",0.012,0.019,0.156,0.208,0.605,"Illinois","IL","Bureau"
"17013",0.082,0.06,0.219,0.366,0.273,"Illinois","IL","Calhoun"
"17015",0.03,0.064,0.12,0.19,0.596,"Illinois","IL","Carroll"
"17017",0.103,0.08,0.19,0.187,0.441,"Illinois","IL","Cass"
"17019",0,0.067,0.08,0.192,0.661,"Illinois","IL","Champaign"
"17021",0.059,0.057,0.091,0.19,0.603,"Illinois","IL","Christian"
"17023",0.127,0.089,0.107,0.226,0.451,"Illinois","IL","Clark"
"17025",0.062,0.115,0.145,0.306,0.372,"Illinois","IL","Clay"
"17027",0.102,0.063,0.083,0.166,0.587,"Illinois","IL","Clinton"
"17029",0.112,0.055,0.201,0.221,0.411,"Illinois","IL","Coles"
"17031",0.023,0.021,0.072,0.162,0.722,"Illinois","IL","Cook"
"17033",0.146,0.196,0.047,0.219,0.392,"Illinois","IL","Crawford"
"17035",0.095,0.075,0.194,0.212,0.424,"Illinois","IL","Cumberland"
"17037",0.007,0.012,0.034,0.191,0.756,"Illinois","IL","DeKalb"
"17039",0.035,0.106,0.073,0.28,0.507,"Illinois","IL","De Witt"
"17041",0.048,0.061,0.105,0.191,0.594,"Illinois","IL","Douglas"
"17043",0.01,0.01,0.056,0.163,0.76,"Illinois","IL","DuPage"
"17045",0.174,0.09,0.131,0.208,0.398,"Illinois","IL","Edgar"
"17047",0.086,0.148,0.233,0.306,0.228,"Illinois","IL","Edwards"
"17049",0.072,0.072,0.214,0.232,0.41,"Illinois","IL","Effingham"
"17051",0.069,0.076,0.156,0.229,0.47,"Illinois","IL","Fayette"
"17053",0.011,0.082,0.167,0.172,0.567,"Illinois","IL","Ford"
"17055",0.099,0.166,0.119,0.211,0.405,"Illinois","IL","Franklin"
"17057",0.016,0.03,0.311,0.199,0.444,"Illinois","IL","Fulton"
"17059",0.201,0.06,0.128,0.238,0.373,"Illinois","IL","Gallatin"
"17061",0.136,0.029,0.109,0.217,0.508,"Illinois","IL","Greene"
"17063",0.056,0.056,0.105,0.183,0.599,"Illinois","IL","Grundy"
"17065",0.138,0.179,0.1,0.21,0.373,"Illinois","IL","Hamilton"
"17067",0.147,0.154,0.125,0.163,0.411,"Illinois","IL","Hancock"
